#layer top (km), Vs (km/s)
0.00 2.78
0.20 2.78
0.40 2.78
0.60 2.78
0.80 2.78
1.00 2.78
1.20 2.82
1.40 3.16
1.60 3.21
1.80 3.22
2.00 3.22
2.20 3.22
2.40 3.22
2.60 3.22
2.80 3.22
3.00 3.22
3.20 3.22
3.40 3.22
3.60 3.22
3.80 3.22
4.00 3.22
4.20 3.22
4.40 3.22
4.60 3.22
4.80 3.22
5.00 3.22
5.20 3.22
5.40 3.21
5.60 3.21
5.80 3.20
6.00 3.19
6.20 3.19
6.40 3.19
6.60 3.19
6.80 3.19
7.00 3.19
7.20 3.19
7.40 3.19
7.60 3.20
7.80 3.20
8.00 3.20
8.20 3.20
8.40 3.20
8.60 3.20
8.80 3.20
9.00 3.20
9.20 3.20
9.40 3.20
9.60 3.20
9.80 3.20
10.00 3.20
10.20 3.20
10.40 3.20
10.60 3.20
10.80 3.20
11.00 3.20
11.20 3.20
11.40 3.20
11.60 3.20
11.80 3.20
12.00 3.20
