#layer top (km), Vs (km/s)
0.00 2.61
0.05 2.61
0.10 2.61
0.15 2.61
0.20 2.61
0.25 2.61
0.30 2.61
0.35 2.61
0.40 2.61
0.45 2.61
0.50 2.61
0.55 2.61
0.60 2.61
0.65 2.61
0.70 2.61
0.75 2.61
0.81 2.61
0.86 2.61
0.91 2.62
0.96 2.62
1.01 2.62
1.06 2.63
1.11 2.64
1.16 2.65
1.21 2.67
1.26 2.68
1.31 2.71
1.36 2.74
1.41 2.77
1.46 2.81
1.51 2.86
1.56 2.92
1.61 2.97
1.66 3.02
1.71 3.06
1.76 3.09
1.81 3.12
1.86 3.14
1.91 3.15
1.96 3.17
2.01 3.18
2.06 3.18
2.11 3.18
2.16 3.18
2.21 3.18
2.26 3.18
2.31 3.18
2.36 3.18
2.42 3.17
2.47 3.16
2.52 3.16
2.57 3.14
2.62 3.13
2.67 3.12
2.72 3.10
2.77 3.09
2.82 3.08
2.87 3.06
2.92 3.05
2.97 3.03
3.02 3.02
3.07 3.01
3.12 3.00
3.17 2.99
3.22 2.98
3.27 2.97
3.32 2.95
3.37 2.94
3.42 2.93
3.47 2.92
3.52 2.91
3.57 2.90
3.62 2.90
3.67 2.89
3.72 2.88
3.77 2.88
3.82 2.87
3.87 2.86
3.92 2.86
3.97 2.85
4.03 2.85
4.08 2.85
4.13 2.84
4.18 2.84
4.23 2.83
4.28 2.83
4.33 2.83
4.38 2.82
4.43 2.82
4.48 2.82
4.53 2.82
4.58 2.82
4.63 2.81
4.68 2.81
4.73 2.81
4.78 2.81
4.83 2.81
4.88 2.81
4.93 2.81
4.98 2.80
5.03 2.80
5.08 2.80
5.13 2.80
5.18 2.80
5.23 2.80
5.28 2.80
5.33 2.80
5.38 2.79
5.43 2.79
5.48 2.80
5.53 2.79
5.58 2.79
5.64 2.79
5.69 2.79
5.74 2.79
5.79 2.79
5.84 2.79
5.89 2.79
5.94 2.79
5.99 2.79
6.04 2.79
6.09 2.79
6.14 2.79
6.19 2.79
6.24 2.79
6.29 2.79
6.34 2.79
6.39 2.79
6.44 2.79
6.49 2.79
6.54 2.79
6.59 2.79
6.64 2.79
6.69 2.79
6.74 2.79
6.79 2.79
6.84 2.79
6.89 2.79
6.94 2.79
6.99 2.79
7.04 2.79
7.09 2.79
7.14 2.79
7.19 2.79
7.25 2.79
7.30 2.79
7.35 2.79
7.40 2.79
7.45 2.79
7.50 2.79
7.55 2.79
7.60 2.79
7.65 2.79
7.70 2.79
7.75 2.79
7.80 2.79
7.85 2.79
7.90 2.79
7.95 2.79
8.00 2.79
