#layer top (km), Vs (km/s)
0.00 2.82
0.05 2.82
0.10 2.82
0.15 2.82
0.20 2.82
0.25 2.82
0.30 2.82
0.35 2.82
0.40 2.82
0.45 2.82
0.50 2.82
0.55 2.82
0.61 2.82
0.66 2.82
0.71 2.82
0.76 2.82
0.81 2.82
0.86 2.82
0.91 2.82
0.96 2.82
1.01 2.82
1.06 2.82
1.11 2.83
1.16 2.83
1.21 2.84
1.26 2.85
1.31 2.87
1.36 2.89
1.41 2.92
1.46 2.94
1.51 2.98
1.56 3.02
1.61 3.06
1.66 3.11
1.71 3.16
1.76 3.24
1.82 3.33
1.87 3.45
1.92 3.57
1.97 3.68
2.02 3.76
2.07 3.80
2.12 3.82
2.17 3.83
2.22 3.84
2.27 3.84
2.32 3.83
2.37 3.83
2.42 3.83
2.47 3.82
2.52 3.81
2.57 3.80
2.62 3.79
2.67 3.77
2.72 3.76
2.77 3.74
2.82 3.72
2.87 3.69
2.92 3.66
2.97 3.63
3.03 3.59
3.08 3.55
3.13 3.51
3.18 3.47
3.23 3.42
3.28 3.37
3.33 3.33
3.38 3.28
3.43 3.22
3.48 3.17
3.53 3.13
3.58 3.09
3.63 3.06
3.68 3.03
3.73 3.01
3.78 2.99
3.83 2.97
3.88 2.96
3.93 2.95
3.98 2.94
4.03 2.93
4.08 2.92
4.13 2.92
4.18 2.91
4.24 2.91
4.29 2.91
4.34 2.90
4.39 2.90
4.44 2.90
4.49 2.90
4.54 2.89
4.59 2.89
4.64 2.89
4.69 2.89
4.74 2.89
4.79 2.89
4.84 2.89
4.89 2.89
4.94 2.89
4.99 2.89
5.04 2.89
5.09 2.89
5.14 2.89
5.19 2.89
5.24 2.89
5.29 2.89
5.34 2.89
5.39 2.89
5.45 2.89
5.50 2.89
5.55 2.89
5.60 2.89
5.65 2.89
5.70 2.89
5.75 2.89
5.80 2.89
5.85 2.89
5.90 2.89
5.95 2.89
6.00 2.89
