#layer top (km), Vs (km/s)
0.00 2.87
0.05 2.87
0.10 2.87
0.15 2.87
0.20 2.87
0.25 2.87
0.30 2.87
0.35 2.87
0.40 2.87
0.45 2.87
0.50 2.87
0.55 2.87
0.60 2.87
0.65 2.87
0.70 2.87
0.75 2.87
0.80 2.87
0.85 2.87
0.90 2.87
0.95 2.87
1.01 2.87
1.06 2.87
1.11 2.87
1.16 2.87
1.21 2.87
1.26 2.88
1.31 2.88
1.36 2.88
1.41 2.89
1.46 2.90
1.51 2.91
1.56 2.93
1.61 2.97
1.66 3.03
1.71 3.09
1.76 3.15
1.81 3.20
1.86 3.24
1.91 3.27
1.96 3.29
2.01 3.31
2.06 3.32
2.11 3.33
2.16 3.34
2.21 3.35
2.26 3.35
2.31 3.36
2.36 3.36
2.41 3.36
2.46 3.36
2.51 3.36
2.56 3.36
2.61 3.36
2.66 3.36
2.71 3.36
2.76 3.36
2.81 3.36
2.86 3.36
2.91 3.36
2.96 3.36
3.02 3.36
3.07 3.36
3.12 3.35
3.17 3.35
3.22 3.35
3.27 3.35
3.32 3.35
3.37 3.35
3.42 3.35
3.47 3.34
3.52 3.34
3.57 3.34
3.62 3.34
3.67 3.34
3.72 3.34
3.77 3.33
3.82 3.33
3.87 3.33
3.92 3.33
3.97 3.32
4.02 3.32
4.07 3.32
4.12 3.31
4.17 3.31
4.22 3.31
4.27 3.31
4.32 3.31
4.37 3.30
4.42 3.30
4.47 3.30
4.52 3.30
4.57 3.29
4.62 3.29
4.67 3.29
4.72 3.28
4.77 3.28
4.82 3.28
4.87 3.27
4.92 3.27
4.97 3.27
5.03 3.27
5.08 3.26
5.13 3.26
5.18 3.26
5.23 3.25
5.28 3.25
5.33 3.25
5.38 3.24
5.43 3.24
5.48 3.24
5.53 3.24
5.58 3.23
5.63 3.23
5.68 3.23
5.73 3.22
5.78 3.22
5.83 3.22
5.88 3.22
5.93 3.21
5.98 3.21
6.03 3.21
6.08 3.21
6.13 3.20
6.18 3.20
6.23 3.20
6.28 3.19
6.33 3.19
6.38 3.19
6.43 3.19
6.48 3.18
6.53 3.18
6.58 3.18
6.63 3.18
6.68 3.17
6.73 3.17
6.78 3.17
6.83 3.17
6.88 3.17
6.93 3.17
6.98 3.17
7.04 3.16
7.09 3.16
7.14 3.16
7.19 3.16
7.24 3.16
7.29 3.15
7.34 3.15
7.39 3.15
7.44 3.15
7.49 3.15
7.54 3.14
7.59 3.14
7.64 3.14
7.69 3.14
7.74 3.14
7.79 3.13
7.84 3.13
7.89 3.13
7.94 3.13
7.99 3.13
8.04 3.13
8.09 3.13
8.14 3.13
8.19 3.13
8.24 3.13
8.29 3.13
8.34 3.13
8.39 3.13
8.44 3.13
8.49 3.13
8.54 3.13
8.59 3.13
8.64 3.13
8.69 3.13
8.74 3.13
8.79 3.14
8.84 3.14
8.89 3.14
8.94 3.14
8.99 3.15
9.05 3.15
9.10 3.15
9.15 3.15
9.20 3.15
9.25 3.15
9.30 3.15
9.35 3.15
9.40 3.16
9.45 3.16
9.50 3.16
9.55 3.16
9.60 3.16
9.65 3.16
9.70 3.16
9.75 3.16
9.80 3.16
9.85 3.16
9.90 3.16
9.95 3.16
10.00 3.16
