#layer top (km), Vs (km/s)
0.00 2.09
0.05 2.08
0.10 2.08
0.15 2.07
0.20 2.07
0.25 2.07
0.30 2.07
0.35 2.07
0.40 2.07
0.45 2.07
0.50 2.07
0.55 2.07
0.60 2.07
0.65 2.08
0.70 2.08
0.75 2.09
0.81 2.09
0.86 2.09
0.91 2.10
0.96 2.11
1.01 2.11
1.06 2.12
1.11 2.12
1.16 2.13
1.21 2.14
1.26 2.14
1.31 2.15
1.36 2.16
1.41 2.16
1.46 2.17
1.51 2.17
1.56 2.17
1.61 2.18
1.66 2.18
1.71 2.18
1.76 2.19
1.81 2.19
1.86 2.19
1.91 2.20
1.96 2.20
2.01 2.20
2.06 2.21
2.11 2.21
2.16 2.21
2.21 2.21
2.26 2.22
2.31 2.22
2.36 2.22
2.42 2.23
2.47 2.23
2.52 2.23
2.57 2.23
2.62 2.24
2.67 2.24
2.72 2.24
2.77 2.24
2.82 2.25
2.87 2.25
2.92 2.25
2.97 2.25
3.02 2.25
3.07 2.26
3.12 2.26
3.17 2.26
3.22 2.27
3.27 2.27
3.32 2.27
3.37 2.28
3.42 2.28
3.47 2.28
3.52 2.29
3.57 2.29
3.62 2.29
3.67 2.30
3.72 2.30
3.77 2.31
3.82 2.32
3.87 2.32
3.92 2.33
3.97 2.33
4.03 2.34
4.08 2.34
4.13 2.35
4.18 2.36
4.23 2.37
4.28 2.39
4.33 2.40
4.38 2.42
4.43 2.43
4.48 2.45
4.53 2.46
4.58 2.48
4.63 2.51
4.68 2.54
4.73 2.56
4.78 2.59
4.83 2.62
4.88 2.65
4.93 2.69
4.98 2.73
5.03 2.77
5.08 2.81
5.13 2.84
5.18 2.88
5.23 2.90
5.28 2.91
5.33 2.93
5.38 2.94
5.43 2.95
5.48 2.96
5.53 2.97
5.58 2.97
5.64 2.97
5.69 2.98
5.74 2.98
5.79 2.98
5.84 2.98
5.89 2.98
5.94 2.98
5.99 2.98
6.04 2.98
6.09 2.98
6.14 2.98
6.19 2.98
6.24 2.98
6.29 2.98
6.34 2.98
6.39 2.98
6.44 2.98
6.49 2.98
6.54 2.98
6.59 2.98
6.64 2.98
6.69 2.98
6.74 2.98
6.79 2.98
6.84 2.98
6.89 2.98
6.94 2.98
6.99 2.98
7.04 2.98
7.09 2.98
7.14 2.98
7.19 2.98
7.25 2.98
7.30 2.98
7.35 2.98
7.40 2.98
7.45 2.98
7.50 2.98
7.55 2.98
7.60 2.98
7.65 2.98
7.70 2.98
7.75 2.98
7.80 2.98
7.85 2.98
7.90 2.98
7.95 2.98
8.00 2.98
